C1 300000 2712866929586304034,7212964637320232488,100856506100111219
C1 900000 8138553620417358351,3020193540452710682,1044917676936027294
C1 600000 5425189235916003717,7305702461437557987,1797805553422915120
C1 200000 1806652520058663373,4749280673825967888,2551190259958144981
C1 123 1131321139368694,4841183241629531298,3337207267083745825
C1 983213 8894525890229639463,8212681121646242106,3558804583535587389
C1 298321 2697257740129116948,2421300282942302099,3631642997702358282
C1 500000 4524159678194207606,116498004615221291,4778714901959499534
C1 767321 6937615636739711503,7005323926593448976,4934364388572616230
C1 777777 7032553511433221952,5354717422231435180,5841961356712727946
C1 45656 414831209346945157,5802110218816620111,5934725305398700251
C1 90911 824999568822107176,2779956047957404963,6073790236963802094
C1 700000 6325849375807683517,8746897456761555476,6096106523072266997
C1 333312 3016528961602304681,2692503697970679809,6152759854039618051
C1 666666 6023153922808564922,5296392428747150002,7229859712528516251
C1 100000 907324092930333167,7407131293100979430,7628114113453304871
C1 400000 3620911679523276596,8505612926567155256,8011033296022352266
C1 800000 7232984929442862985,2413504349772638962,8126577084651958308
C1 10000 90828656563475856,342031638209921093,8255351020780615072
C1 50000 453912528333254232,3700962229163960320,8330873258623184956
C2 989222 8215784656653391544,8949742046005655591,190085298621427170
C2 500000 5588475789836525911,4521125649178016399,493629849645889924
C2 565623 1010768156708914943,5115879487683991032,1436313589195046899
C2 200000 8290253971148076846,1808579027264866464,1546737934762263613
C2 900000 4336005646860948503,8141445685340093260,1629677856357929999
C2 800000 1314679014525789973,7235290822678870930,1737425948517134979
C2 700000 3800339245775393012,6331338496752704071,2003599149832213116
C2 10000 1715227920299090752,89731843820725349,2181903302910536895
C2 400000 8925899580432223530,3617499471897631778,2518956494368940485
C2 18932 5839557674733381097,168868361987780000,3997217597754906383
C2 896523 2887923115465754563,8109713369887682205,4626057144805659336
C2 122 6425771433221477093,1232721899212666,4626854910367930050
C2 8932 4903320572550561008,80403691071376161,5469262568012304335
C2 600000 7402356717468361912,5424570636726702461,6221693332418323528
C2 964312 4942969179104043209,8723804300676191623,6226710937065257541
C2 300000 870522461717760510,2711381393387408982,6431385223857380460
C2 64312 2718134572633303463,580554215461259303,7074061921682367670
C2 86523 7859457767481689799,779643560219494042,7493436443701088773
C2 100000 6763156790181433596,900814185052254007,8294807685208230081
C2 155623 708758934328633141,1404170513742756187,8432428781129733572
C3 99 31928065453162178,515007248200166581,747924542936056
C3 10000 8157416893049308357,8808769066927794531,91494149455370797
C3 32121 5991332254276076693,4176827230866507770,291454892011867081
C3 63636 2001826239743544973,1364985735523341389,576330009651380185
C3 99898 6442611043369069550,4416510110025235970,906688368446718678
C3 100000 5114608634262530863,3548836764670516776,907533423900876053
C3 122311 7096431708653094398,2407374550127898311,1110152409484133977
C3 200000 7349285333620484557,2307073444120744363,1813475812099235150
C3 213198 4697105980746676337,4141383841977540096,1932488567740745002
C3 300000 1019777876213191987,613000217452985331,2716750209334866987
C3 321321 1776513707116339577,5908645198828587466,2909952702423994787
C3 400000 6211050725785069510,5693971495124190198,3619912361943064363
C3 500000 6539450974472698644,5397139064827868709,4524275328713845868
C3 565632 3270912790003363693,978535224541323157,5114461686029794474
C3 600000 377724446450342395,6610059515792085914,5426348067928648144
C3 665664 7439273591502455047,7548759190690835641,6018481045721028574
C3 700000 3707232652688116250,5976675622808449239,6328543218608818912
C3 800000 4710424614084596825,3595912904157382344,7234869031400071567
C3 899856 7697029695520182806,548345110501393176,8141644094192290070
C3 900000 3337710093710446128,4047882348724590716,8143036300513826349